3
12
1 7 9 11 6 0 8 3 2 10 4 5 
4
4 3 6 11 12 14 13 10 5 15 8 7 1 2 9 0 
4096
2863 1552
3495 480
2000 3254
1304 2973
3793 1863
309 2851
1087 2330
1675 3171
2435 179
110 1950
1482 3213
1652 4042
1108 3876
3183 259
40 728
2430 1870
1202 1193
2027 3314
221 2295
2597 3323
1070 1596
877 2062
3697 1869
543 2009
3804 1349
2817 1840
2496 2670
635 1293
2753 3922
3943 1453
1079 794
4056 565
689 2423
3124 1971
2476 89
1904 3138
3272 1088
1780 4027
2063 1499
1593 3786
571 1805
3476 3405
3657 137
3780 1225
3046 2351
3232 2900
242 2768
1137 1562
2962 3758
1683 3762
3724 347
487 3601
2004 3430
3862 2349
3563 3536
3359 1801
2384 3768
847 2174
2403 334
98 2718
721 1927
1526 3462
3677 1384
3915 2064
530 2777
2306 648
3134 1859
1286 3542
2407 78
2469 104
1343 3009
876 1422
3393 3472
3437 1401
350 1835
1789 1131
1549 123
3562 989
2828 304
2012 588
2163 2689
3240 3003
2985 160
2335 1550
3941 1325
855 80
1959 1004
1688 1202
1436 844
1347 924
2442 872
2075 3027
2076 2771
3833 2123
2287 1236
3077 203
379 275
1178 2986
3732 3913
3317 1222
946 877
3049 418
3177 595
2339 324
2939 286
381 1315
3022 1070
812 1412
2394 3760
3689 345
2557 3941
54 1039
1746 2372
3072 3211
1892 3850
3369 2187
88 3677
2896 3752
3621 3525
1862 1778
2639 2298
3774 2405
2926 1599
555 1749
425 684
2078 1939
614 1769
2525 2149
1024 3238
1495 902
365 289
3963 281
1922 1113
3293 2251
1724 3683
3361 3031
72 1006
1951 98
771 400
4086 3093
1324 2571
1531 2822
2760 1119
3854 1591
2191 2555
1555 714
77 1534
2035 524
1443 742
1456 2992
1185 3873
3548 327
133 3576
3514 624
2712 1106
3648 905
663 2189
1036 572
3210 3000
3684 1625
2511 3950
1181 1322
3381 1661
4006 1952
2560 1259
1060 3494
783 1288
3187 2625
3323 2502
417 1830
1452 2651
3690 697
214 3927
3348 2425
4063 1301
1164 801
3701 1389
3083 459
3882 3607
4041 2099
1299 721
653 2040
1398 1649
2418 2638
1990 1618
388 1708
3687 441
1617 3937
2064 2537
3168 2899
1465 620
2854 1063
800 3701
3635 1345
3244 603
1336 2957
2673 1794
711 2177
2337 3016
4030 2341
697 1516
1018 887
3683 329
295 3606
324 3345
2945 1069
660 3997
2918 3903
2927 287
2174 2001
3740 2120
2412 398
3721 340
2961 3502
2383 126
853 112
1964 3667
3593 133
778 999
1995 3186
2689 3555
332 828
2067 723
2882 943
1468 614
20 1246
1307 3025
2930 2622
2991 45
2244 3985
251 1792
218 3671
3202 2901
1853 3266
1462 1628
2100 2017
3363 406
145 3935
2066 2457
2480 3688
1170 1194
1785 3691
2799 1274
456 3128
2974 4014
1280 1163
3886 2839
1710 3443
3467 1783
2467 185
3182 1539
2439 180
3578 775
3199 1475
3425 1693
411 20
3968 544
126 1951
878 1934
2155 467
2786 1262
2922 3647
3095 611
2541 1662
3401 2185
2217 2788
461 1043
3473 3456
2099 2561
3745 1717
3894 2857
2472 953
3068 1332
3997 2073
185 2284
392 2471
3766 2400
2608 1183
3484 64
1300 1875
403 820
3743 2248
3960 569
2546 2760
574 2525
2645 2172
146 3823
725 2055
2943 1310
2433 3177
362 2465
2381 382
486 3889
3874 535
1253 2338
3078 3531
1883 113
2570 3307
1131 1298
503 795
2802 2448
3966 1849
2250 1165
2001 1548
2192 1169
1291 470
2457 1470
956 177
985 183
2251 1036
684 1509
2710 1906
535 483
3304 3144
1579 3012
1622 3948
572 1425
633 1517
563 1409
902 3312
3427 413
90 3664
3060 1061
2128 2540
1445 508
3243 363
1258 2479
924 191
984 640
2447 3449
767 2007
1730 1214
1241 3755
3629 3333
521 2197
1931 3313
2537 346
2867 314
1885 108
3742 3912
2654 4081
3190 1889
3985 3384
884 3407
3617 3013
3143 835
2175 1489
3429 509
2090 3221
1054 1586
2586 3230
628 2029
254 2512
2047 3020
898 3705
3462 3056
1832 2960
2951 2220
3938 573
3480 896
2897 3497
4038 3097
1979 3185
2598 3563
2028 3706
2773 2166
414 3860
2121 3731
1580 516
2907 41
3926 1704
368 2467
863 109
235 3582
2631 746
452 3891
2308 3413
943 2169
3616 773
1684 1898
2679 3714
2878 2334
2724 4084
808 720
1886 3425
3181 371
4001 1959
1285 214
1561 778
1298 2441
2240 1181
1884 945
3607 435
524 1429
131 227
138 1016
3843 1335
104 670
644 2552
2283 3284
3949 301
3569 2823
2984 3757
2540 90
3490 2645
2415 270
567 1361
681 1512
1447 748
3761 2407
3504 608
323 3644
2093 1243
2312 584
1528 2951
4075 3856
1014 3191
2436 3192
2051 667
1470 1718
2533 1646
1481 961
2996 1064
1542 3435
3224 1100
2767 1266
868 3982
2523 1472
2603 3028
1615 122
2970 686
964 2927
2819 1328
2206 4060
454 3379
3012 2350
1293 2059
3540 3399
1572 3419
3891 307
3229 2243
3669 1376
900 1144
2182 1764
2678 3842
143 4089
364 561
1229 2346
3772 1467
3051 3887
1282 2443
2940 1342
2200 1164
2528 638
581 217
2564 4091
2264 2438
2226 2535
2862 2832
2273 3476
2140 2790
278 1953
1278 1844
2676 4050
372 1827
2697 3828
880 847
2277 3283
3071 1816
255 2000
1925 3324
3552 3593
3811 68
3451 269
2780 2716
3486 3392
2034 2880
2104 2445
2248 1152
3497 1368
1031 3750
3239 692
3564 2180
566 2429
5 245
3543 135
4022 2856
2838 1055
2262 3846
2733 2292
1776 1205
3523 140
1494 3334
1277 1067
4039 51
701 2032
996 2430
2041 870
2392 3773
3303 963
2219 507
795 1759
1961 3668
68 2030
3007 3881
3545 71
1685 1378
256 3126
3955 313
665 2205
1512 3216
873 2190
1798 3574
3263 2411
2071 755
3251 2662
1880 3153
4014 1703
3587 325
1703 948
3328 3717
266 1078
2989 32
714 3597
3180 643
2196 4049
1106 1187
164 4072
2837 3871
2986 3744
909 3960
2253 1233
538 761
3878 1047
3880 2583
908 2131
1413 3068
3344 2681
1937 3442
2301 1238
2964 1966
151 1375
293 1046
2455 1471
2575 1492
1513 3587
978 576
2356 1230
3583 1735
2139 1398
1444 1908
1075 538
686 2021
1319 982
1076 3898
2210 2539
3110 3403
1148 2618
3001 2212
2576 1182
1346 1156
536 729
2372 1630
119 2191
286 1585
2550 1127
1056 3239
1918 1730
3813 3529
1606 1642
3396 3977
3132 2755
2360 2767
448 1081
3682 649
575 2013
2538 622
479 1307
2146 2451
404 3859
2468 3416
1094 1826
3855 279
1895 914
3614 2825
938 992
872 671
354 2865
4084 1045
3378 717
3825 2503
1646 1546
2179 763
3093 2915
1248 2991
3491 487
497 1595
76 2286
3594 837
3715 443
748 2196
3026 2616
3034 933
107 478
3752 693
2784 2542
3842 567
553 2203
1822 1930
3064 536
1322 3223
1563 3018
253 4087
49 2319
1427 908
1199 33
3788 2116
2674 2450
2549 3943
806 3319
1987 882
52 1247
397 2860
1150 1818
3525 3341
2431 1486
2682 1154
1833 3707
928 3672
2965 302
1032 2364
1781 1126
1405 353
113 1935
2562 2452
3559 145
1208 3241
1309 2419
1627 2145
542 2521
1722 1200
1705 852
3739 2240
3061 3365
3919 16
355 2609
102 3486
2505 1466
3116 523
1128 2354
3220 4035
1902 1802
2971 46
3810 776
408 3124
2530 894
3654 3401
954 880
3675 1383
2456 3775
1582 1668
1935 1139
437 2852
934 3552
1371 374
1115 35
2692 4068
385 1958
1537 1732
1898 3218
1599 2506
1425 3340
1811 722
2130 2534
2443 3433
1666 3161
1816 2975
2178 2533
1792 1115
2478 3417
3457 3063
2662 3546
175 2297
1873 3441
3382 2941
560 2813
446 1963
3440 701
1432 3212
3434 749
744 984
1810 2446
2732 3811
715 3840
2660 4058
491 1052
1766 1722
2014 1740
823 130
89 2272
1596 2762
3758 1621
4050 2613
2361 2122
2183 756
1141 26
883 399
3118 1675
3932 1445
2037 3190
583 153
533 1785
4033 3096
585 2201
929 3565
127 1503
3084 651
219 1280
2800 1255
2877 3870
1095 2722
305 1587
36 1269
1713 4017
281 545
1855 3010
2454 1983
2547 1356
3198 1987
2719 2290
1915 258
2351 1544
3365 3543
834 3678
599 1360
3279 1220
3645 1897
1605 362
926 3519
97 1694
2737 3921
670 3984
2908 2217
1540 3451
3326 1867
3625 139
120 2703
1860 1914
2151 739
1101 290
1689 2746
413 2067
3945 429
1242 3243
3295 1483
1373 364
3728 3657
3934 1957
2632 3306
3478 3469
556 1435
1393 1537
2366 2510
1667 867
2002 2892
2864 3614
756 1239
527 1493
386 2983
3120 2489
2618 1167
2687 1490
1238 3371
3868 305
2203 2060
1737 2666
3505 2935
2396 2233
2616 2447
4074 3613
3838 2501
935 224
1067 2332
2579 730
3088 2905
1386 3041
3913 61
3399 157
879 1294
3623 75
263 3638
1440 2388
579 152
2458 2751
3221 2241
1065 806
4007 1440
3725 1656
3608 713
1147 282
874 927
3278 3908
2022 1762
1365 380
451 788
3757 376
3797 2247
3260 2667
1138 2362
1491 646
402 1076
111 1502
389 2348
3653 201
275 2577
1198 3361
3258 2480
662 3981
2486 1120
3651 72
515 405
3992 824
2923 1311
624 2797
1559 970
1894 3538
1338 2909
2211 747
3852 311
327 3633
3953 1593
223 1488
2359 2114
2049 1755
3510 2928
2651 2161
1201 3491
2119 915
3204 1620
1049 786
881 1679
2131 2646
702 2551
1686 1890
1023 1728
3820 132
2180 2020
1846 3458
2730 3300
2905 2216
1698 3155
4044 2100
570 2685
1251 3618
3509 1648
1154 3245
2554 3687
1520 3143
459 3092
3946 2733
2848 807
124 1439
1650 2378
1270 3499
3822 3080
1800 2972
780 1416
1457 1622
2124 3732
1648 1098
2497 1135
4090 789
3446 1629
2114 1172
2587 3034
35 404
3748 1624
246 1143
2634 3050
2734 4083
3144 3140
773 247
2768 1254
2691 1011
3923 421
66 3822
3917 29
1165 3116
907 3581
3035 280
2218 3044
161 3561
3533 3533
3289 3659
3176 2883
1955 993
262 3862
1330 2893
821 3343
3341 2053
440 2981
636 1437
205 2047
1396 1633
2690 1257
2236 2806
508 2587
832 2654
1825 1692
3028 4005
605 1520
33 3032
1982 3505
3908 3389
132 1272
1972 3516
2474 952
1784 2368
1244 2612
3981 1568
3201 1723
3489 1767
860 189
1831 1014
1707 99
2944 800
3482 909
2432 888
848 944
237 2046
123 1295
1043 2578
1864 3298
1966 3955
2677 2050
1969 3409
1611 106
1927 1020
252 1436
3764 2408
775 231
3837 4037
3128 2381
341 292
1221 2858
2148 2035
2320 782
2561 1748
2809 3830
1015 86
2298 1159
1920 1112
210 2704
340 1828
460 3604
1479 769
813 3957
505 3611
2680 2434
1419 3062
3996 2104
4053 21
244 1271
3145 899
2045 3174
3171 579
2590 1946
3040 559
1521 1670
3070 2328
899 225
1490 2886
638 1949
304 2473
19 410
208 3815
238 1278
1123 2610
2777 3814
3967 1305
1227 3114
3447 349
1874 3249
1111 932
2423 2127
1175 682
3784 3776
750 1240
3405 2057
470 3355
231 490
1351 913
3928 677
669 2269
1099 2082
1740 3690
455 787
2913 1855
435 555
2488 3693
245 3959
2363 1999
2154 3043
3792 3653
1690 2482
2241 3980
3121 1857
1824 1109
3924 1960
3178 2995
3565 3849
1866 3042
3014 2862
3189 1377
1535 3014
59 1807
1492 3526
3330 2693
1190 3884
776 656
781 2165
2258 2454
84 4064
1544 2884
2173 1521
3374 2309
2792 3310
3619 331
3288 2374
3668 1976
3875 1334
904 1021
3454 1613
43 1752
3407 2056
3911 2109
3576 519
1496 2950
1589 1218
2143 1526
525 2261
616 665
2774 3958
2177 1771
3167 1387
1868 3674
2373 366
39 235
3106 2949
1022 3008
27 1758
603 1399
346 2980
1694 3946
3329 1687
3080 2891
3355 1757
2744 1117
2170 2385
3631 1541
405 19
442 2984
2904 937
1008 871
1778 2376
811 1744
494 3388
3765 1888
2402 654
1441 1782
944 864
1950 3426
2672 1170
3940 1709
2755 3698
2953 172
3910 3901
1403 257
3686 1721
2661 218
1397 369
1541 107
2635 250
2162 2449
3975 1452
3691 457
1992 3167
613 505
1252 1698
3902 2329
3227 2252
2395 2157
1585 1858
3225 3651
3349 1789
3273 3779
3979 1831
723 1415
2933 30
1340 705
797 3854
3383 337
2938 830
117 2063
3025 1592
1439 204
3881 54
3050 2607
3644 1347
2103 2673
1133 18
2212 2036
2790 1770
1239 939
704 3805
2957 3360
1777 1868
3267 3788
2421 2255
3987 56
3299 964
1212 3619
532 2553
3184 2483
1783 3686
1917 194
2340 3189
401 3348
3216 1091
3339 471
668 2192
975 3439
1279 2324
103 158
3052 162
2081 1691
864 3726
4079 3344
1986 3263
1421 2420
961 3199
1597 1226
56 2575
1112 3235
166 3560
4034 3608
4003 1447
1223 554
1933 1140
2865 2846
2958 3117
2615 3586
3010 3630
1254 1954
2484 1128
3969 2343
3130 2493
3117 3083
3636 2409
2479 121
3754 696
1026 2876
892 335
3883 1815
889 79
1840 3151
3343 1285
3053 1583
1802 3302
1962 3308
1009 2816
522 917
1314 2437
3268 3907
545 3029
3574 3079
483 3612
2791 762
3468 1371
3647 1993
2171 1281
3600 633
2507 3951
1204 4004
1910 3330
1355 220
2747 1137
694 2416
2106 2397
2020 1882
2299 2310
1249 4002
1770 3006
2495 3945
3711 1481
3113 779
3419 375
3223 3649
3584 901
412 3636
801 3024
1945 690
1621 2156
2492 2227
1236 3883
546 2773
986 855
2704 2530
1804 2692
2695 1012
724 3991
3844 3383
1567 2826
2611 2562
2735 2291
2606 1940
809 2139
3352 733
691 1366
3063 171
1053 3090
3380 2925
2011 268
1378 2435
1390 1795
1879 860
3452 333
3550 1607
577 3480
2293 1030
3368 727
3989 25
3814 3273
1483 3084
1984 3007
2355 1346
3015 426
4077 3357
3827 1350
4012 423
178 3837
2649 3820
2327 74
3664 2744
3706 2749
1921 3553
2641 3953
2082 2453
47 2008
3555 156
3056 3621
2450 3774
2207 2268
3950 1597
1502 1734
3768 2663
3929 1448
593 1879
480 3133
4066 784
2659 666
319 2323
3897 1443
1109 36
3228 3652
1511 977
8 664
911 3961
410 3123
2566 3579
3611 1737
3579 1543
2368 606
989 103
1678 3411
222 1936
1145 3642
2988 173
3140 3331
53 3855
3186 2371
3819 3528
233 1514
1162 1184
1257 546
1533 3270
1027 2620
602 2640
1434 3201
1146 3130
3722 616
277 2337
500 3899
1311 2307
260 3350
1573 3179
698 2672
1404 577
1269 3115
1144 2874
3112 2885
3994 825
1320 2967
1124 3346
3146 3139
3417 432
17 3038
2568 2964
329 817
3129 2659
2529 3182
2387 2237
1823 2314
3194 2481
765 4055
3336 663
1402 2897
3154 2491
3252 1972
1815 978
3398 3485
3503 1397
1057 1852
893 207
2919 2111
2703 1267
3047 1442
370 2355
1274 3237
1367 604
201 1506
3730 3656
1325 1035
1534 1606
2325 3534
434 2469
3424 2649
502 3387
2096 2541
3778 3784
2452 1982
2892 175
1407 449
4024 549
2628 2042
762 3591
1764 1626
651 1781
3089 1603
685 1528
749 4057
514 2709
2322 526
2835 1330
2399 2153
4010 2720
2636 3818
891 271
1499 262
774 3559
3909 2077
1988 1714
2223 1531
1538 2948
3483 0
2543 3454
339 683
1110 3364
1414 1772
2518 4023
100 3998
271 278
423 2732
2502 2415
1213 1060
1383 737
757 3847
2449 4031
885 15
2769 1804
2684 2706
2023 754
2246 3969
2338 520
2581 3290
22 3294
3461 1776
807 230
2612 3986
2393 2232
3567 3848
611 409
2582 3482
2718 4082
484 3377
1560 2894
2647 3676
516 3989
1474 3136
387 2598
1050 1087
1143 826
1699 947
595 1367
3301 3267
3846 3895
1610 3002
174 4073
1066 1191
993 3327
895 463
3698 2633
1140 3866
46 2520
2621 1234
936 1005
337 1579
2239 2550
544 3797
2708 2034
2054 3547
1838 1924
3773 1896
2270 2006
41 2283
1687 2738
471 827
3790 1224
453 3091
2441 84
1768 3262
3081 907
314 2985
1715 3681
1139 570
3114 3141
1598 1866
3236 1652
1030 3878
3471 1909
1989 2930
1569 1604
2542 3198
4071 2097
2142 2038
1566 1674
1418 3040
1624 1201
3776 3785
3760 2664
1662 1994
2761 2802
1850 3215
3518 2919
1276 2580
3749 360
982 3415
2766 4066
3605 1641
3658 841
2772 4086
2853 3879
1361 1654
2807 3702
3069 3877
3634 2761
2779 1292
3853 23
3769 1460
2274 1176
3041 1071
829 3535
1135 274
4013 288
1429 1
216 2688
896 3704
3655 73
588 2200
265 822
2519 2231
1752 2380
3596 389
2313 85
3806 1861
2977 4013
3956 1961
2134 1916
2255 1244
2087 987
2637 1530
2798 4074
2987 2093
2963 174
2109 2545
1993 610
2868 1054
3836 1355
664 3712
692 2544
1861 498
1074 2366
2202 1153
269 22
1926 3564
1978 3152
264 2358
539 1753
2411 462
4062 1845
3105 1611
1761 3514
3808 777
649 1508
4093 3861
1006 1150
2741 1148
349 1316
1081 3610
3613 1657
2358 1231
1653 2242
2036 3510
3395 144
2344 712
833 3567
826 783
2855 2214
2284 3796
3782 1229
384 2976
3906 816
177 1149
2746 1104
493 3089
115 1423
587 216
875 479
3377 2829
3723 1637
2721 3571
2725 244
2885 1327
4037 3353
351 1323
348 2731
2159 1491
3864 2589
1088 2978
3888 2601
2874 798
3481 77
674 2789
213 2167
3406 3976
1517 1027
2133 1404
1161 812
990 1600
1782 4022
1451 502
148 2031
507 2843
347 299
2112 1171
1197 44
3376 621
4015 295
1976 3165
2098 2461
1518 3972
1748 3947
740 1241
1224 3246
1749 2150
2577 1690
3615 1545
361 673
1189 2092
1372 694
2021 3058
3841 1847
1790 1860
3676 1461
3549 199
1173 298
2898 3753
994 3710
906 1008
1852 706
910 1145
1356 3716
2050 2459
2135 2652
3058 2584
3332 3973
1416 3047
464 1083
3485 205
3916 48
3158 1900
2013 102
13 2293
1412 1876
2391 2224
746 985
2111 2513
3824 3781
622 1945
2046 1612
562 2781
1328 3005
3362 2565
2118 3539
2404 3470
2158 2003
3527 129
3511 348
1952 1108
1180 3754
513 1685
1548 644
2701 1268
841 1374
1245 2091
531 403
3983 1575
2086 3483
835 239
1467 2934
3346 2569
3815 67
1119 2083
2315 456
3107 715
3024 3749
2833 2335
18 2782
1160 1197
1352 3228
1543 955
3364 1029
375 675
1529 966
610 2713
302 1590
2370 862
1484 972
2254 3996
3672 2743
792 735
1069 3110
1876 3436
703 2039
2172 2705
2841 50
705 1024
2630 1786
236 2282
959 3437
1437 193
3248 2488
3214 1627
2966 1710
3638 2413
2164 2033
1856 2394
3137 3524
1232 1195
283 2321
490 1085
2237 2556
42 1013
3298 3208
2827 1296
3620 3077
905 2132
3520 973
1958 3580
3256 2487
2729 3812
2101 2417
3013 1582
3067 1560
2821 2087
1515 3292
1968 3248
1769 634
406 3347
2185 2804
485 1041
2503 1458
2289 1926
3418 592
3337 2181
1923 1009
1941 370
3694 1673
729 2199
851 93
915 95
2331 1742
366 1553
3858 541
2052 4059
376 2867
2475 105
971 3455
2489 2228
2652 3809
1334 1617
69 510
1478 3457
3707 1485
1956 3956
1999 3170
655 2037
2534 2926
2494 1129
2018 1118
3020 2218
134 3320
2955 3885
3599 261
1337 609
147 2143
782 1928
517 213
619 473
299 2326
1044 3378
398 1702
2126 4052
1787 2508
2271 1494
1600 2906
116 3999
3982 2855
2824 2608
2195 3724
791 146
916 1727
3612 387
447 2347
2501 1903
2524 1352
3021 1838
1392 2993
0 3813
671 2256
3954 2617
1828 3931
1991 626
2107 2305
768 3669
2506 2671
3973 1824
2249 3793
2434 889
1834 3303
573 2045
2490 3680
1948 946
4000 672
1102 3362
2748 3825
476 2619
3702 1981
2816 935
2888 3759
2422 3919
194 3839
950 3184
2656 1178
78 4078
3195 1473
1793 1756
2234 2384
683 501
24 734
1064 2352
2016 2398
3019 3374
3205 2916
3414 1616
2213 500
2509 1902
1388 2691
3944 2621
1729 4018
3102 1667
1475 780
3386 637
3890 2585
2225 1878
1450 3052
28 1434
3255 2668
2305 1608
3851 1303
3411 343
3367 150
3775 1893
257 1814
4089 2107
1817 3594
1505 3484
3993 2105
2571 468
2184 3045
3402 925
3387 1549
2420 3918
2727 996
3111 971
2605 1275
4043 3352
3805 2245
626 2717
3350 3069
292 3382
287 2833
310 1699
887 143
1211 3107
2584 2974
322 3132
2167 2641
2781 2294
582 3481
547 411
1619 3761
3889 2841
284 529
3741 2249
677 504
2278 3475
3488 2648
2693 3316
4008 2727
2765 2546
1841 1666
1916 578
64 2798
3006 1065
1233 1556
3222 4033
2316 392
557 4053
2323 330
475 283
1907 642
2589 1242
1631 2147
2822 4007
229 1790
3971 1446
1888 1162
2931 318
2949 3872
969 434
477 2075
2709 1394
162 3817
2414 1678
3738 3661
973 1647
3809 3272
1645 10
2345 91
2536 878
1048 2367
1632 3210
1195 2081
179 2129
1317 3286
1500 582
155 2175
1216 2478
3443 397
2932 3902
2347 1736
1525 3078
709 3853
3048 3631
3347 401
74 750
1004 2138
2470 3512
61 4063
2860 316
1096 1186
1332 1713
1557 3274
3729 3904
1881 956
3043 2210
2074 3049
3018 558
2463 2158
3356 1411
3547 263
598 1872
2555 1984
2924 319
1182 3882
3340 1413
4029 1832
3125 2401
1720 1213
391 2604
204 2274
228 2558
1349 209
696 2679
3936 685
2232 2391
297 790
1411 758
473 3643
416 2988
2917 2079
466 2363
2956 161
1872 3260
3372 1419
3733 2253
914 959
3680 601
2397 2152
3507 342
1568 3157
2894 3503
2782 2012
3433 1369
3592 581
1129 818
802 2568
86 3920
2247 3585
2716 3810
3652 3465
3512 631
1033 934
828 322
790 3295
2275 980
395 2342
867 415
3379 385
2113 3540
2702 4067
4026 552
526 1941
3325 1227
180 1264
1093 1314
2354 2766
2758 1874
2460 2238
1488 3142
3927 424
2032 3255
1230 4010
730 3719
2329 138
3560 976
4055 53
3498 736
3338 919
512 3733
2062 2011
3166 1899
2385 4029
854 3408
3276 3780
3756 341
1290 3222
3264 1097
1576 2888
1629 2148
3345 3037
793 2186
3169 1731
2975 2094
1717 1132
2952 3629
3637 1901
3798 3911
141 4088
1859 994
4092 1339
3900 1331
3536 839
2851 1340
1718 4028
3416 599
830 3023
1932 3699
2214 1780
129 3321
1125 2066
1167 3105
1695 2154
1127 3634
193 1151
2771 2700
2259 2694
3553 3280
2350 2824
3373 3845
2161 1793
1665 3507
289 1846
207 4095
2072 2969
2481 1133
1901 2058
1691 2146
3530 781
1218 1198
4018 2597
917 383
3207 612
1292 2699
1273 3627
3572 3271
1188 3372
2556 1348
1814 3474
654 2549
2928 3646
2235 2422
428 678
2500 2414
1231 1066
3595 453
3678 1973
2728 3299
2633 2794
2789 3066
958 3181
3422 1719
1072 1086
4058 821
418 2982
565 1917
2257 1798
307 531
1821 1034
1677 3188
2193 3852
1354 3217
3384 525
7 229
3094 1715
3027 312
1849 962
2510 1134
321 3868
548 1237
3718 2920
2756 2018
897 3325
1575 875
3464 759
4087 59
3366 3287
3150 3332
3283 2630
1609 602
1530 3207
3313 1862
3767 1468
2410 846
1994 2911
2365 4046
3109 3275
1459 630
509 1051
330 1073
3500 1365
2942 1854
549 3541
3287 3654
2144 2531
1680 2490
3334 3479
285 2849
51 1410
3802 3655
2881 4015
1395 641
1045 1042
999 482
1130 1074
1052 530
3292 2635
243 1420
1801 3675
1581 3195
3030 3493
359 2721
4081 2837
3663 8
859 125
1661 2250
949 3440
3266 1096
2281 3795
2371 190
2960 2734
1168 2474
1602 3162
3099 3011
2850 528
3408 688
482 3120
1379 657
2826 3751
1738 2495
845 1406
2123 212
1287 918
118 3983
1476 3393
226 3838
1359 2052
4048 3637
4064 797
2614 3970
552 725
2900 4008
1980 865
1930 3296
2910 4009
1742 4026
3918 3376
50 2783
1635 586
1721 3684
699 1911
2280 3224
2610 2463
2307 328
2516 4021
3544 647
1869 1402
786 2574
1051 2322
2290 2455
2352 3790
1497 838
3777 1216
1152 3232
3830 1223
3670 1968
1522 2887
3978 2592
3320 2375
3375 1797
311 547
1001 1370
1914 3202
3783 2113
2811 2316
3794 2629
2648 1105
142 1273
1453 1396
1205 3108
1741 2410
925 367
921 447
2535 442
3935 1317
1409 1766
580 3993
3357 1913
1184 3244
2102 1873
1812 3978
2025 2682
1664 3160
732 1431
3879 2102
2607 2516
2199 3713
2263 3718
1019 1536
496 1077
713 2193
2976 928
108 1438
318 1843
1206 3492
128 3832
1151 1306
1711 115
1912 2946
1381 497
1669 3172
3582 3015
3324 2763
3092 1619
2083 731
1875 849
399 2854
465 1563
2181 3060
2088 2965
139 3577
621 1529
894 1615
1877 124
2353 2511
11 472
777 2133
642 2805
2857 166
3479 141
298 1079
957 3424
2079 2515
3037 2085
1676 883
3135 2499
3470 2421
1607 698
2937 2110
1878 3452
3622 3269
326 3857
3914 3645
1046 3890
523 469
3713 2917
2425 2126
2026 3055
3558 3293
1155 3617
1562 3150
2348 388
3580 326
827 1551
838 1775
3990 3385
432 2472
1493 6
965 1663
1547 452
328 1084
2749 1276
3086 1547
3898 553
2909 2088
3 408
2681 3730
3939 1341
2553 2235
2314 949
1939 850
2912 831
276 1697
3857 2333
2563 660
2288 1175
4057 2101
2999 164
3265 3916
1259 1058
2245 1025
2242 1168
2578 2462
1829 3318
1681 3938
752 3799
1672 3257
3032 568
2667 474
3159 2748
1369 700
3029 37
2228 2028
1382 1777
1510 3473
1911 898
369 1555
738 3800
3133 2403
2265 3734
2906 936
3640 2765
2514 2632
2722 1251
3746 597
820 3279
3211 2923
3257 2660
1426 3148
2428 1358
3100 515
3315 2758
2053 219
3887 1559
436 1956
3799 2119
3294 1995
2485 3936
1735 2658
2825 167
612 2025
1903 1290
3249 1974
2978 941
1260 802
4065 1040
3803 1479
2015 460
578 3736
1376 2387
751 4056
2038 3414
2875 1566
1758 1988
3310 3460
2482 3689
559 2005
394 2464
1960 3297
3091 707
4011 1319
1796 3963
71 494
3098 3001
1058 2864
60 1426
629 1405
1973 3196
1844 3394
3354 765
992 2686
1524 3398
1176 3242
489 785
1097 674
3097 627
2754 1263
3568 967
2871 58
3459 486
1007 3966
2408 590
1430 3329
2685 2258
2147 659
2227 2678
3104 3205
396 550
227 234
1775 3194
2591 2522
3172 1651
2642 1249
519 149
2813 1270
710 1037
3008 2606
1570 2952
4061 2069
3066 805
1310 1923
1944 3154
862 3517
3763 1462
1601 3434
2208 2532
1194 1196
1638 3530
718 1232
3984 3641
849 3421
1891 658
294 3894
1857 3570
325 2065
676 2024
3786 3789
3033 2213
3074 2955
1583 2820
2493 3944
1908 3522
1281 1750
3045 1839
3254 1980
3191 2737
2230 1884
1863 738
2141 1532
3360 3589
3275 1228
1363 598
1469 2924
831 1743
2187 3067
731 1287
608 2793
3115 3019
3856 557
1565 3082
840 1007
742 3289
3472 845
2623 2514
2334 2830
3521 3072
3650 904
2705 3954
184 3709
735 1495
105 2206
3247 379
2379 110
3847 2103
1021 3431
1714 1209
3832 2759
99 414
211 1408
3699 1357
2545 2496
3829 4039
2620 2770
4009 416
335 28
2532 2942
3816 968
1835 3036
3250 2485
3062 3109
3450 605
3306 3145
58 3599
743 147
2916 3391
3679 1381
1546 3259
2613 1026
3970 551
1716 4020
420 1580
1040 3135
2427 1487
2039 886
1071 2844
3537 1671
3487 192
109 2270
3174 1635
4017 2853
1913 834
2165 1393
3630 2821
3747 437
1845 3074
3234 2907
4094 2325
1209 3620
2820 3495
1446 1788
3571 390
2097 1921
1345 3548
2260 4054
1985 3410
3342 1925
2459 2159
1551 260
843 255
3807 1477
1448 3046
755 1414
2585 3802
3309 3075
2992 3624
3529 65
3226 1089
2842 3615
1809 1682
149 1407
3606 2921
1591 3778
1471 2918
970 639
2580 3994
617 1513
2834 543
2711 2642
1455 1403
667 2048
939 253
1308 2563
3515 1655
844 2142
1700 3444
2650 1116
2445 3448
3642 2669
239 4094
1953 3569
4004 1696
1799 998
2176 2536
1807 1284
1682 1210
2740 4076
157 1535
2805 1142
2699 3315
2653 2300
2204 3740
3912 3632
1034 1190
2594 2456
125 2271
1068 540
1628 3763
1114 3236
1400 2945
3557 3549
1089 3874
648 757
2024 3311
165 248
4036 1049
3296 3209
334 3356
1704 3251
2696 3305
2005 118
1519 1028
1827 732
1673 884
3065 2219
1594 1103
1234 2356
1725 1124
1374 1638
3390 3021
1772 890
3744 600
29 4062
232 1022
3131 2497
1399 593
981 119
2030 3930
3142 3523
3312 1093
979 384
3196 2627
1890 2442
2856 2576
3661 9
825 66
814 2312
4060 1333
788 1038
1323 3030
1225 2602
1063 3622
2723 995
1709 116
431 294
1696 3156
424 2470
1977 876
1643 458
1552 3214
3502 1877
1126 3858
937 2136
972 178
2946 813
3831 2118
2294 3974
2209 1787
3506 615
1774 3418
421 1324
2980 3488
1156 3500
415 2068
433 1707
779 464
1073 1594
3508 2912
313 2595
2282 3225
1882 3164
38 3317
4 4069
2386 3769
3735 2125
1226 2990
1590 3906
3391 1741
2638 4090
1763 874
3230 4036
2883 2223
991 448
30 2526
2085 3291
2221 1524
712 3584
2526 1864
3280 1099
1731 3682
2796 3834
3156 1892
3895 419
1919 450
2473 88
3241 596
1284 3851
224 2814
3660 136
3311 3076
2664 2970
1289 3723
3087 267
554 981
3353 1363
2374 1726
1321 3595
1965 2164
2521 2229
695 1372
2565 251
202 2687
3466 752
816 975
3270 3905
3554 3592
1002 767
1107 931
2812 2780
3055 3375
640 2808
1867 242
963 82
2515 1344
1571 708
1117 2084
3753 344
3449 445
215 2135
2592 1253
1266 2360
2858 3623
1132 562
70 1774
858 848
449 3380
3770 2656
3639 1457
2058 3227
3155 2742
3389 1645
3787 4032
4082 2581
383 1299
3017 1450
3933 1320
2229 2428
1203 803
1080 2878
720 3735
2464 856
1539 580
3708 1353
520 661
1029 2086
3474 832
3692 393
1554 2958
2382 3422
2852 3111
422 1836
922 607
290 2871
1431 897
2627 1002
2720 1252
2398 4025
1350 3537
1261 2850
976 951
3717 1640
3428 1881
1394 2881
3246 1659
3626 965
3516 438
2890 2735
2197 2049
1104 1188
940 2137
2471 184
1267 532
3823 3336
2815 2524
4052 3893
1819 3026
772 3925
3501 1400
2060 2715
2084 3995
1082 3134
1344 1155
4028 1451
1757 2155
2297 3798
2522 3767
1733 2402
333 17
3261 2404
3009 3118
3039 1304
1641 906
1946 2898
3291 1478
3458 2677
1728 2494
3795 1351
586 921
2993 3113
591 2264
3665 1975
2925 31
1805 2171
1364 1644
2261 2054
3524 3277
3286 4038
568 2573
839 495
2152 2963
804 1141
4059 277
1059 2588
1366 1660
799 1806
1091 3746
1934 3923
3208 2997
1734 1970
2324 3086
1297 1681
1658 1090
2065 1683
3153 1894
2444 83
920 863
3308 772
3331 407
787 402
4032 3609
2839 2098
3076 3339
1387 465
1433 833
2914 575
2785 3562
2343 187
1614 3450
2893 303
3404 2184
1791 2500
3602 521
623 1497
974 3183
83 2141
2491 3949
2640 1260
3057 2840
1210 3240
183 2140
1836 2564
4020 2344
3892 2345
377 2723
2619 2306
3394 3720
3233 1643
3138 3204
1639 842
3719 436
528 2809
378 2979
511 2331
2333 3342
2617 3794
2115 916
169 2280
627 1421
589 2265
259 2614
1062 4006
2686 2002
3082 3147
1240 2868
3876 3095
1275 2836
3038 1848
3972 2848
2694 3556
1983 3169
2795 3322
3469 1912
1214 4003
2743 3708
3314 2373
2869 3358
2887 1455
2389 2144
1264 1189
3284 4043
3951 285
3285 2246
2108 2769
3666 2741
1438 3532
2793 2810
2231 2684
3152 2484
983 87
3597 5
16 3806
1090 3234
3907 2096
3316 3915
31 2014
4027 1573
2362 3791
3042 815
3779 2124
3005 3880
2446 3193
1159 3628
3274 1101
4047 3864
951 92
3302 3395
576 3737
192 2815
678 1768
1626 1212
962 879
1760 2910
2990 3501
1423 2427
2416 3662
2268 2710
25 2202
3420 439
2302 1942
852 3504
2840 2591
1464 2903
1370 2908
3590 3397
3392 3721
186 3696
95 2301
2378 702
1527 774
122 3727
1316 3979
3423 359
2279 979
1909 2
45 4085
997 1791
1360 3004
1692 3770
550 3285
2216 3051
2655 2289
270 1558
3861 1837
3673 1464
770 2696
217 2279
1391 1283
156 2287
312 2873
1460 1724
1618 1203
79 2302
2346 869
2077 2547
3628 395
865 1695
3704 2637
1177 2730
604 1511
2880 687
4042 793
2364 1354
856 861
1038 1564
4023 420
1506 1160
739 148
1375 358
3751 440
1893 210
1283 662
3477 13
3961 1449
2891 2095
1974 3420
2903 168
1047 3602
837 511
1660 2634
1326 1931
2646 3964
1498 3206
3388 321
73 1518
176 3824
2400 910
1854 1602
3442 589
3253 2412
1640 2890
498 2357
2132 2044
187 3965
1756 2628
1105 3363
2902 3496
1294 1803
745 2195
3410 695
390 1964
1636 3338
2057 3739
2783 1500
1747 2636
1041 1842
2998 3112
3957 297
1587 2754
34 2776
9 2277
2829 39
2972 2222
3671 1456
1924 3924
1358 3844
2007 854
3603 323
2388 4024
188 2273
1612 858
3212 635
1217 3498
2319 264
301 3094
918 1631
3736 3648
3335 151
57 2194
1634 2954
2873 2106
249 2278
1037 38
3976 2599
200 3711
2332 394
1996 866
1603 954
3492 1880
2483 2225
2997 3368
441 2596
2136 2390
2574 2004
2040 2944
2017 3554
469 27
1243 276
2751 1265
1113 3748
3826 2757
1408 2392
741 3545
3431 493
198 2431
1584 1102
769 1680
2127 2260
2763 1138
2658 2458
1035 1308
3828 1221
2276 3987
467 571
1011 396
3714 629
1830 3558
2318 1672
1228 3626
320 3121
1327 2315
12 1432
2559 1992
2328 718
1348 3843
3534 3264
3000 809
987 256
2884 1711
1301 3057
1010 704
3333 215
815 1800
4019 427
2599 1019
1207 804
3307 3268
272 2989
258 2870
4045 3865
3277 1219
1303 753
3633 2509
953 188
1302 1761
590 3992
2707 3666
3075 587
206 1279
764 1430
2198 3841
948 3168
2222 2043
2116 4051
1755 1484
121 2207
798 2318
2752 2543
594 2791
3703 1469
267 1302
2110 1937
3610 617
1385 2643
3604 2937
1655 3650
3385 433
2267 1286
3023 3886
1644 650
2567 1003
2369 3518
1623 3772
501 3099
3448 653
150 1887
248 2560
1183 2090
1272 2872
1508 3971
135 228
4067 2108
230 3070
1005 1918
3922 2725
2775 3670
3245 372
1732 1978
268 566
2794 3054
426 2476
1306 3053
708 1245
247 2134
727 2183
3561 2179
2 2712
82 3821
506 3125
1503 454
3999 2072
1142 3354
2419 1359
3866 2605
140 2275
1028 3366
3551 455
3942 1965
810 1015
504 2869
1818 3231
2304 853
1055 2834
1305 2675
1726 4019
1353 3715
3589 197
3123 2753
87 2128
2715 2162
842 751
2429 2254
656 3741
759 2182
3400 912
3591 69
3931 293
1739 1122
1771 3178
912 703
2424 2639
700 1510
2596 4075
316 2579
1472 3149
2405 206
666 3725
2551 2230
3209 628
2859 1808
1514 3229
3884 310
2406 3406
3193 2739
1967 2163
2336 885
728 2695
3965 1321
733 2263
1940 1634
3685 361
1424 3137
195 2130
601 1504
3151 4
3700 1977
438 1700
3925 296
158 4079
679 488
2665 3738
3494 1760
2153 2787
2901 40
199 1362
288 3127
2006 3446
3865 417
2438 3176
1042 2879
3206 1716
886 3471
3148 900
758 1031
2742 3932
10 997
1779 2764
144 2799
2188 2811
1153 4001
1466 2896
296 2359
919 351
968 895
3991 57
2558 2504
1083 2842
3085 11
672 2792
363 1297
1339 2817
2156 2707
1949 354
400 1075
541 2041
3800 2631
597 1392
3867 1821
1315 726
3727 1653
641 3061
2008 2956
2969 1454
824 527
1701 100
2166 1905
3213 2932
2377 350
2189 2548
1401 689
3609 339
734 1943
2872 542
3455 461
941 2168
2764 3826
871 159
2531 186
1608 3258
2797 2554
673 1765
427 1318
190 1277
2573 2299
2349 3445
3173 355
3893 1577
3556 1033
2600 2968
1003 3583
3397 221
407 819
1342 1601
850 957
3371 1751
650 760
2915 1343
1773 2938
2224 2528
2286 3988
273 1841
2129 1910
3073 1739
380 2611
3870 2845
3659 200
2300 2774
4005 1312
1486 3404
753 2311
2303 2518
3200 2904
2201 3729
726 3975
2269 2262
3905 3888
2973 1326
890 911
1957 252
2194 1180
2453 1391
631 1373
374 1571
760 2567
1247 1300
3821 3337
3937 1853
353 1809
688 2800
409 3635
3791 4040
931 237
2243 3596
1905 1538
2736 1248
2601 3835
4021 1576
2169 2785
3421 352
3319 3782
2739 3697
2367 1998
80 3808
2512 3765
995 226
625 1933
942 3929
794 991
1158 4012
1839 2308
3710 1865
1174 1578
3475 128
2625 3578
634 2653
1767 618
1134 1554
1516 3588
1406 1729
1501 198
4068 3101
1625 3764
2706 1250
3696 2745
3175 691
2048 1179
3185 1985
1454 1915
1219 810
3192 2369
130 3833
3002 808
2886 1967
1420 2683
3646 2505
1786 1207
2717 1522
903 236
153 1519
1428 3521
3412 1712
888 655
1848 2959
2595 724
1936 2994
3496 743
3817 131
2029 2426
988 320
1157 1068
197 1919
4046 1048
1485 3265
1813 3282
168 1001
3011 170
2995 163
2285 1235
463 1044
870 3487
101 222
48 3807
481 3900
2808 2432
3818 969
2629 506
2122 3219
3581 3527
3147 196
2818 560
1268 4011
1417 2676
4035 52
1586 2382
430 1574
2714 2386
3535 3520
2895 47
344 2987
2310 3509
1820 2570
1550 1540
3575 134
1971 881
3649 3400
1120 3122
2994 3625
279 2593
2671 1498
2803 2572
280 2365
1265 1588
2089 3803
1633 1738
2091 3035
474 3131
1750 3942
2252 3804
2375 446
357 1313
1896 2962
306 2361
2778 1110
1794 2436
747 3544
1085 1050
846 3934
1377 1745
3789 4041
3215 2939
2061 2267
3977 428
495 3100
1507 988
857 176
1384 2961
152 3679
2959 3373
722 2711
861 96
1098 2466
1954 1107
3096 2889
1362 2998
3541 7
3036 1336
3712 632
4091 1557
4070 1053
1674 3256
1331 513
2513 1856
2465 3513
3054 3119
23 154
967 338
1578 3253
1647 266
1870 3962
3624 709
419 2726
2233 2812
1312 1157
2080 1173
998 3071
1295 1291
462 3892
345 2724
2745 3836
1697 3427
2981 2080
3179 451
2517 2151
2843 1823
3586 645
785 3039
1947 114
1843 514
3282 2379
3290 1094
1191 3756
2311 181
933 240
2409 142
2644 4092
1929 3700
1656 2370
3974 2336
2527 1480
3998 3896
234 766
1753 3771
2440 873
3726 2933
3059 308
3845 2071
3453 365
3980 422
2157 1523
85 2160
1759 1476
163 233
181 3952
2504 3695
3203 619
1136 1082
2668 2714
1415 764
1751 3766
3532 76
342 1572
3262 1979
458 3129
2117 211
2520 2624
3709 1385
1556 3466
1649 1986
3566 1032
1928 3309
630 1885
3526 3085
331 2076
1642 3146
1613 378
2342 3173
3986 3640
3136 3203
2948 3104
1435 12
2622 1938
1169 3370
1477 3073
1651 2626
1200 1192
3444 1725
1659 1474
1121 1810
1256 1199
1723 1121
707 2188
3157 1388
882 591
2150 1779
1458 2999
1442 2395
443 2859
822 3087
3127 2657
2317 117
3731 2112
1765 2922
2068 2019
866 2702
1271 811
1313 1686
3873 2327
1335 625
1754 1206
191 4093
3271 3777
3618 517
65 3566
26 990
558 2517
2548 1125
91 2173
3904 829
3538 583
241 2304
2845 3359
540 1427
3517 1632
3859 1329
3415 336
154 2655
561 2317
2788 2026
360 2353
2870 3102
3016 814
510 1851
805 3575
1025 1820
291 2582
1263 3106
1970 3261
250 3703
2847 1567
1942 1650
209 1920
1743 1130
261 2070
923 127
1463 636
2019 1010
1480 3200
955 3453
639 1501
282 2477
3003 3369
3101 2931
3139 836
1871 2170
3499 503
3641 1459
1981 3180
4088 533
2073 2803
966 2943
382 1811
220 1424
3785 2115
3759 373
609 1689
3643 1997
1116 3747
1588 3914
2935 62
1461 2940
2750 4065
1657 3658
182 1136
2832 799
3952 2729
2675 2690
1061 1062
1620 3940
3688 585
1100 930
2879 1822
2137 2796
618 745
1630 3939
789 3551
492 796
3771 1895
537 1507
1000 1023
2326 3278
2643 3665
2979 2221
3165 1380
159 2303
3321 3787
1670 3508
719 4048
1509 3281
173 2296
1887 97
737 3288
1410 2389
3436 1417
1795 668
2539 3438
472 2875
1536 3163
2031 1146
3297 3396
2094 1947
1604 1658
693 1904
3004 2211
3438 1929
1842 2895
1558 3402
2321 3022
3542 3463
3812 3081
643 491
1163 1057
2810 1111
371 563
3860 2861
1084 2586
2814 1948
3570 711
1975 892
1564 522
2583 986
647 484
2731 243
2663 922
1663 1482
2698 3304
2700 3827
2626 1258
3235 699
3948 317
3163 1382
3403 208
1380 1907
3962 681
1020 332
1422 1883
1532 710
393 556
2508 2234
274 2877
96 3742
2787 1018
1788 2756
3281 1990
1341 2913
3318 3910
3577 70
1193 940
1806 1796
1708 851
2666 3226
1077 3098
352 2977
1719 3692
3695 265
2866 2590
1288 2966
2010 3158
2983 2208
4072 3600
529 3033
1671 868
1489 1542
3161 2740
3755 357
2069 3059
1250 3247
607 1527
336 2468
1 1688
3435 477
1574 3515
2487 2236
2844 306
3674 2736
2238 2022
2670 2010
167 232
160 3816
645 1784
596 2016
1595 2498
4073 49
1577 891
3217 4044
3667 1463
2499 2226
92 2285
952 893
1246 1812
3031 165
1012 3175
1865 2650
3149 3
803 412
690 2807
1187 3745
2572 2708
106 926
3632 2665
112 3743
637 1533
2911 2089
3964 1337
1762 3166
2055 923
2390 4016
1172 1834
3903 1817
960 623
2836 3103
620 1433
6 3557
3585 1605
2849 2320
3164 2747
901 3568
170 1000
2448 2750
632 2701
1318 3478
2861 3367
518 3477
1826 2440
818 719
766 2519
2266 1158
3656 840
2947 2209
3681 1609
2683 1282
3322 1095
2831 272
2357 4047
1727 1123
1016 512
584 920
3835 1991
1553 1610
3601 3017
1389 1395
3305 771
1808 1166
947 81
1215 1059
3103 2819
3877 3863
2059 475
680 741
55 2178
1262 3490
315 2835
3231 2244
240 3831
2982 4000
4002 679
172 2281
3734 3917
439 548
736 3801
2801 1932
3259 2406
1449 2644
3840 823
3370 983
3737 2121
44 1428
3871 1565
1693 1386
2757 2418
1118 3875
3546 903
225 3326
1745 1996
2569 3819
1803 476
2190 2027
1847 770
488 1072
373 291
564 2557
2776 2444
300 534
796 1418
2009 950
2876 1338
2145 1747
15 1496
2920 2623
1017 182
2376 958
1668 3412
932 3928
2738 1261
3947 1309
457 3603
3445 381
3762 2661
3750 1720
2292 3990
2609 1922
3834 3783
1654 4034
2498 3694
682 744
3238 1636
2830 1584
2593 1684
1899 466
3588 3461
1220 1962
2105 2801
94 4077
196 2559
2899 169
3170 2947
1900 2698
2602 3301
3090 2953
1179 42
37 3573
980 3511
3662 3464
3801 2117
869 223
1706 3252
1357 2051
3598 1669
429 300
1744 1211
3705 1465
3460 2424
1255 2594
1545 859
2295 3590
2125 2259
3899 1561
592 2784
303 2838
4025 1444
1906 2882
2330 974
2341 3429
1851 2818
606 2023
3237 356
2043 2828
1039 284
93 2288
2466 857
62 2527
2954 3616
1943 594
3519 1639
2426 3663
3863 1441
75 254
81 3933
927 111
2552 2752
3716 2936
2003 652
356 1569
4054 3381
3269 1217
2588 2778
2092 2779
2762 2399
3930 680
3573 3335
3720 613
2451 2239
308 1955
2770 2460
754 2775
468 3867
3219 3660
913 3423
4016 2600
2889 431
478 1819
945 3197
534 3065
2936 574
569 1505
171 249
716 2204
4095 1813
2291 2566
3920 2728
2160 2529
2044 716
2272 1177
1523 518
203 3967
3242 2996
1192 1185
1998 3506
2186 3048
3463 492
1616 1204
1149 2074
4078 3088
3850 3639
763 1799
2950 1056
114 2719
1858 1114
358 1825
687 1525
1171 938
2437 3432
4083 315
3513 444
3432 669
3901 1833
2220 2795
63 2015
1368 2902
3693 377
2941 2078
4085 3349
2120 3220
444 2603
2604 2772
1013 3447
3528 768
3044 2863
4069 3869
2669 2266
1122 2866
2256 1174
3522 960
343 676
3351 481
2215 740
3988 3897
3188 1891
136 1017
2462 4030
2401 1614
3493 496
2934 3390
2413 14
657 3968
659 2176
2033 1676
2688 1256
3162 2492
137 2276
2713 2786
3456 2680
2968 942
3413 368
3896 537
658 3728
3160 2486
1736 1215
1103 34
1078 3386
3300 3459
2168 2433
1333 2929
3439 1289
1186 3233
3958 1705
2296 2439
2823 2215
1797 246
3849 55
2056 2971
3126 1969
3531 3328
2759 2674
1997 2914
661 2061
450 1080
1235 564
836 1886
3441 1677
3430 1773
3141 195
2477 120
1329 1665
3872 791
784 3598
3079 843
706 3792
1296 2393
761 2198
445 2340
977 1664
1222 1706
2042 3159
1592 2383
3465 1364
1679 3187
2309 101
1889 1746
1504 1161
3959 425
14 1944
1938 3250
3539 391
3848 2615
3885 3351
1086 1850
1092 1570
717 4061
4031 1829
3119 2827
930 3673
3796 3909
1837 1147
2806 3926
2929 1598
3921 1701
3327 2507
2461 1390
367 273
2726 3572
2149 499
499 539
2070 1763
67 238
2657 1754
3358 2313
2967 430
2138 2396
1637 202
212 4071
1237 43
1473 3468
3218 1092
2544 3685
1166 3489
3108 3467
600 2647
1702 3428
21 3550
3426 2697
819 386
317 2339
32 3829
1487 3276
1712 1208
3409 1623
3627 1733
189 4080
4040 792
675 485
2380 94
4080 3605
338 2475
4051 309
2095 2523
3995 24
2205 2257
3122 2377
1963 241
1196 929
2846 2847
4049 1589
817 2831
3869 1581
2417 1871
2804 4070
3197 1379
2921 63
652 1515
2624 2538
4076 60
615 489
3781 4045
646 3064
551 155
3839 1989
1897 3722
